1024 0.00002023 0.00000266 0.00294230 8.682403 0.006875
2048 0.00005470 0.00000722 0.00259192 7.576177 0.021104
4096 0.00006606 0.00000857 0.00258611 7.708284 0.025544
8192 0.00006799 0.00000902 0.00282827 7.537694 0.024039
16384 0.00024660 0.00003425 0.00303040 7.200000 0.081375
32768 0.00060989 0.00008072 0.00330333 7.555623 0.184628
65536 0.00053639 0.00007339 0.00297540 7.308761 0.180274
131072 0.00108695 0.00014947 0.00309149 7.272027 0.351594
262144 0.00459051 0.00049828 0.00328651 7.212711 1.396773
524288 0.00507471 0.00065806 0.00344105 7.711622 1.474756
