1024 0.00002922 0.00003191 0.00274118 0.915700 0.010659
2048 0.00001827 0.00003659 0.00253185 0.499316 0.007216
4096 0.00004260 0.00005529 0.00254814 0.770482 0.016718
8192 0.00007924 0.00007223 0.00289645 1.097051 0.027357
16384 0.00015749 0.00012367 0.00277484 1.273469 0.056756
32768 0.00030425 0.00016644 0.00304647 1.827986 0.099869
65536 0.00062568 0.00021711 0.00302256 2.881857 0.207003
131072 0.00150355 0.00041238 0.00313665 3.646036 0.479348
262144 0.00215143 0.00077423 0.00296672 2.778799 0.725188
524288 0.00509631 0.00155235 0.00318854 3.282964 1.598320
